x y
-382.02197 -8.0924778e-09
-381.02194 -8.158331e-09
-380.02191 -8.2248576e-09
-379.02188 -8.2920619e-09
-378.02185 -8.3599546e-09
-377.02182 -8.4285479e-09
-376.02179 -8.497846e-09
-375.02176 -8.5678591e-09
-374.02173 -8.638599e-09
-373.0217 -8.7100743e-09
-372.02167 -8.7822878e-09
-371.02164 -8.8552582e-09
-370.02161 -8.9289905e-09
-369.02158 -9.0034965e-09
-368.02155 -9.0787851e-09
-367.02152 -9.154868e-09
-366.02149 -9.231753e-09
-365.02146 -9.3094498e-09
-364.02143 -9.3879733e-09
-363.0214 -9.467334e-09
-362.02137 -9.5475423e-09
-361.02134 -9.6286069e-09
-360.02131 -9.7105436e-09
-359.02128 -9.7933624e-09
-358.02125 -9.8770772e-09
-357.02122 -9.9616951e-09
-356.02119 -1.0047236e-08
-355.02116 -1.0133705e-08
-354.02113 -1.0221122e-08
-353.0211 -1.0309496e-08
-352.02107 -1.0398843e-08
-351.02104 -1.0489174e-08
-350.02101 -1.0580505e-08
-349.02098 -1.0672853e-08
-348.02095 -1.0766225e-08
-347.02092 -1.0860644e-08
-346.02089 -1.095612e-08
-345.02086 -1.1052674e-08
-344.02083 -1.1150315e-08
-343.0208 -1.1249066e-08
-342.02077 -1.1348939e-08
-341.02074 -1.1449952e-08
-340.02071 -1.1552123e-08
-339.02068 -1.1655471e-08
-338.02065 -1.1760012e-08
-337.02062 -1.1865767e-08
-336.02059 -1.1972753e-08
-335.02056 -1.2080991e-08
-334.02053 -1.2190496e-08
-333.0205 -1.2301296e-08
-332.02047 -1.2413406e-08
-331.02044 -1.2526852e-08
-330.02041 -1.2641652e-08
-329.02038 -1.2757834e-08
-328.02035 -1.2875412e-08
-327.02032 -1.2994417e-08
-326.02029 -1.3114871e-08
-325.02026 -1.3236803e-08
-324.02023 -1.3360232e-08
-323.0202 -1.3485186e-08
-322.02017 -1.3611692e-08
-321.02014 -1.3739779e-08
-320.02011 -1.3869476e-08
-319.02008 -1.4000814e-08
-318.02005 -1.4133819e-08
-317.02002 -1.4268522e-08
-316.01999 -1.4404957e-08
-315.01996 -1.4543156e-08
-314.01993 -1.4683154e-08
-313.0199 -1.4824984e-08
-312.01987 -1.4968683e-08
-311.01984 -1.5114285e-08
-310.01981 -1.5261834e-08
-309.01979 -1.5411366e-08
-308.01976 -1.5562918e-08
-307.01973 -1.5716541e-08
-306.0197 -1.5872267e-08
-305.01967 -1.6030148e-08
-304.01964 -1.6190225e-08
-303.01961 -1.6352551e-08
-302.01958 -1.6517174e-08
-301.01955 -1.6684143e-08
-300.01952 -1.6853513e-08
-299.01949 -1.7025334e-08
-298.01946 -1.7199667e-08
-297.01943 -1.7376573e-08
-296.0194 -1.75561e-08
-295.01937 -1.7738324e-08
-294.01934 -1.7923308e-08
-293.01931 -1.8111112e-08
-292.01928 -1.8301815e-08
-291.01925 -1.8495483e-08
-290.01922 -1.8692196e-08
-289.01919 -1.8892029e-08
-288.01916 -1.9095066e-08
-287.01913 -1.9301391e-08
-286.0191 -1.9511093e-08
-285.01907 -1.9724261e-08
-284.01904 -1.9940992e-08
-283.01901 -2.0161385e-08
-282.01898 -2.0385541e-08
-281.01895 -2.0613571e-08
-280.01892 -2.0845589e-08
-279.01889 -2.1081704e-08
-278.01886 -2.1322046e-08
-277.01883 -2.1566737e-08
-276.0188 -2.1815911e-08
-275.01877 -2.2069709e-08
-274.01874 -2.232827e-08
-273.01871 -2.259175e-08
-272.01868 -2.2860304e-08
-271.01865 -2.3134099e-08
-270.01862 -2.3413309e-08
-269.01859 -2.3698106e-08
-268.01856 -2.3988687e-08
-267.01853 -2.4285246e-08
-266.0185 -2.4587991e-08
-265.01847 -2.4897136e-08
-264.01844 -2.5212909e-08
-263.01841 -2.5535549e-08
-262.01838 -2.5865303e-08
-261.01835 -2.6202435e-08
-260.01832 -2.6547213e-08
-259.01829 -2.6899928e-08
-258.01826 -2.7260884e-08
-257.01823 -2.7630395e-08
-256.0182 -2.8008794e-08
-255.01817 -2.8396428e-08
-254.01814 -2.8793669e-08
-253.01811 -2.9200896e-08
-252.01808 -2.9618518e-08
-251.01805 -3.0046964e-08
-250.01802 -3.0486681e-08
-249.01799 -3.0938141e-08
-248.01796 -3.1401838e-08
-247.01793 -3.1878296e-08
-246.0179 -3.2368073e-08
-245.01787 -3.287174e-08
-244.01784 -3.3389917e-08
-243.01781 -3.3923244e-08
-242.01778 -3.4472401e-08
-241.01775 -3.5038111e-08
-240.01772 -3.5621121e-08
-239.01769 -3.6222236e-08
-238.01766 -3.6842297e-08
-237.01763 -3.7482192e-08
-236.0176 -3.8142864e-08
-235.01757 -3.88253e-08
-234.01754 -3.9530555e-08
-233.01751 -4.0259733e-08
-232.01748 -4.1014008e-08
-231.01745 -4.1794616e-08
-230.01742 -4.260287e-08
-229.01739 -4.3440157e-08
-228.01736 -4.4307945e-08
-227.01733 -4.5207778e-08
-226.0173 -4.6141315e-08
-225.01727 -4.7110288e-08
-224.01724 -4.8116545e-08
-223.01721 -4.9162043e-08
-222.01718 -5.0248851e-08
-221.01715 -5.1379166e-08
-220.01712 -5.2555321e-08
-219.01709 -5.3779785e-08
-218.01706 -5.5055184e-08
-217.01703 -5.6384294e-08
-216.017 -5.7770076e-08
-215.01697 -5.9215664e-08
-214.01694 -6.0724385e-08
-213.01691 -6.2299784e-08
-212.01688 -6.3945618e-08
-211.01685 -6.5665888e-08
-210.01682 -6.7464842e-08
-209.01679 -6.9346998e-08
-208.01676 -7.1317166e-08
-207.01673 -7.3380458e-08
-206.0167 -7.5542319e-08
-205.01667 -7.7808546e-08
-204.01664 -8.0185307e-08
-203.01661 -8.2679174e-08
-202.01658 -8.5297152e-08
-201.01655 -8.8046703e-08
-200.01652 -9.0935776e-08
-199.01649 -9.3972858e-08
-198.01646 -9.7166988e-08
-197.01643 -1.0052782e-07
-196.0164 -1.0406564e-07
-195.01637 -1.0779145e-07
-194.01634 -1.1171697e-07
-193.01631 -1.1585473e-07
-192.01628 -1.2021812e-07
-191.01625 -1.2482144e-07
-190.01622 -1.2967996e-07
-189.01619 -1.3481004e-07
-188.01616 -1.4022913e-07
-187.01613 -1.4595593e-07
-186.0161 -1.5201044e-07
-185.01607 -1.5841404e-07
-184.01604 -1.6518966e-07
-183.01601 -1.7236183e-07
-182.01598 -1.7995681e-07
-181.01595 -1.8800276e-07
-180.01592 -1.9652985e-07
-179.01589 -2.0557043e-07
-178.01586 -2.1515916e-07
-177.01583 -2.2533325e-07
-176.0158 -2.361326e-07
-175.01577 -2.4760004e-07
-174.01574 -2.5978154e-07
-173.01571 -2.7272647e-07
-172.01568 -2.8648784e-07
-171.01565 -3.0112261e-07
-170.01562 -3.1669199e-07
-169.01559 -3.3326178e-07
-168.01556 -3.5090273e-07
-167.01553 -3.6969091e-07
-166.0155 -3.8970818e-07
-165.01547 -4.110426e-07
-164.01544 -4.3378899e-07
-163.01541 -4.580494e-07
-162.01539 -4.8393372e-07
-161.01536 -5.1156036e-07
-160.01533 -5.4105685e-07
-159.0153 -5.7256065e-07
-158.01527 -6.0621993e-07
-157.01524 -6.4219441e-07
-156.01521 -6.8065638e-07
-155.01518 -7.2179164e-07
-154.01515 -7.6580064e-07
-153.01512 -8.1289969e-07
-152.01509 -8.6332224e-07
-151.01506 -9.1732026e-07
-150.01503 -9.7516582e-07
-149.015 -1.0371526e-06
-148.01497 -1.103598e-06
-147.01494 -1.1748444e-06
-146.01491 -1.251262e-06
-145.01488 -1.3332505e-06
-144.01485 -1.4212417e-06
-143.01482 -1.5157023e-06
-142.01479 -1.617136e-06
-141.01476 -1.7260874e-06
-140.01473 -1.8431446e-06
-139.0147 -1.9689429e-06
-138.01467 -2.1041682e-06
-137.01464 -2.2495612e-06
-136.01461 -2.4059217e-06
-135.01458 -2.5741126e-06
-134.01455 -2.755065e-06
-133.01452 -2.9497827e-06
-132.01449 -3.159348e-06
-131.01446 -3.3849264e-06
-130.01443 -3.6277728e-06
-129.0144 -3.8892368e-06
-128.01437 -4.1707688e-06
-127.01434 -4.4739256e-06
-126.01431 -4.8003763e-06
-125.01428 -5.151908e-06
-124.01425 -5.5304303e-06
-123.01422 -5.9379805e-06
-122.01419 -6.3767267e-06
-121.01416 -6.8489706e-06
-120.01413 -7.3571478e-06
-119.0141 -7.9038263e-06
-118.01407 -8.4917025e-06
-117.01404 -9.1235926e-06
-116.01401 -9.8024198e-06
-115.01398 -1.0531196e-05
-114.01395 -1.1312993e-05
-113.01392 -1.2150912e-05
-112.01389 -1.3048028e-05
-111.01386 -1.4007333e-05
-110.01383 -1.5031654e-05
-109.0138 -1.6123547e-05
-108.01377 -1.7285167e-05
-107.01374 -1.8518102e-05
-106.01371 -1.9823163e-05
-105.01368 -2.1200119e-05
-104.01365 -2.2647376e-05
-103.01362 -2.4161563e-05
-102.01359 -2.5737029e-05
-101.01356 -2.7365213e-05
-100.01353 -2.9033867e-05
-99.013499 -3.072609e-05
-98.013469 -3.2419134e-05
-97.013439 -3.4082931e-05
-96.01341 -3.5678265e-05
-95.01338 -3.715451e-05
-94.01335 -3.8446839e-05
-93.01332 -3.9472753e-05
-92.01329 -4.0127794e-05
-91.01326 -4.0280215e-05
-90.01323 -3.9764364e-05
-89.0132 -3.8372447e-05
-88.01317 -3.5844267e-05
-87.01314 -3.1854387e-05
-86.01311 -2.5996045e-05
-85.01308 -1.7760894e-05
-84.01305 -6.5133416e-06
-83.01302 8.5421744e-06
-82.01299 2.8403358e-05
-81.012961 5.4325108e-05
-80.012931 8.789263e-05
-79.012901 0.0001311207
-78.012871 0.00018659216
-77.012841 0.00025765761
-76.012811 0.00034873441
-75.012781 0.00046577317
-74.012751 0.0006170181
-73.012721 0.00081430176
-72.012691 0.0010753472
-71.012661 0.0014280361
-70.012631 0.0019186385
-69.012601 0.0026282488
-68.012571 0.0037064357
-67.012541 0.0054400958
-66.012512 0.0083846459
-65.012482 0.01354765
-64.012452 0.022349735
-63.012422 0.035597536
-62.012392 0.051820527
-61.012362 0.068103091
-60.012332 0.083163534
-59.012302 0.09771241
-58.012272 0.11190732
-57.012242 0.12351254
-56.012212 0.12891292
-55.012182 0.12581728
-54.012152 0.11453807
-53.012122 0.09768029
-52.012093 0.078017101
-51.012063 0.055721963
-50.012033 0.02798291
-49.012003 -0.0091770512
-48.011973 -0.05876825
-47.011943 -0.12117612
-46.011913 -0.19204289
-45.011883 -0.26379735
-44.011853 -0.3309564
-43.011823 -0.39112041
-42.011793 -0.44199926
-41.011763 -0.47883158
-40.011733 -0.49518751
-39.011703 -0.4870319
-38.011673 -0.45480734
-37.011644 -0.40301575
-36.011614 -0.3371014
-35.011584 -0.25984422
-34.011554 -0.17089234
-33.011524 -0.068399567
-32.011494 0.048154983
-31.011464 0.17709125
-30.011434 0.31419076
-29.011404 0.45207699
-28.011374 0.58055594
-27.011344 0.68845137
-26.011314 0.76845337
-25.011284 0.81822752
-24.011254 0.83688444
-23.011224 0.82357173
-22.011195 0.7775383
-21.011165 0.69870296
-20.011135 0.58920824
-19.011105 0.455729
-18.011075 0.3077376
-17.011045 0.15190379
-16.011015 -0.0087955519
-15.010985 -0.17316353
-14.010955 -0.33991973
-13.010925 -0.50455582
-12.010895 -0.65618509
-11.010865 -0.78021166
-10.010835 -0.86766191
-9.0108054 -0.91853236
-8.0107755 -0.93622777
-7.0107456 -0.92247134
-6.0107156 -0.8757082
-5.0106857 -0.79220178
-4.0106558 -0.67073095
-3.0106259 -0.51898586
-2.0105959 -0.35160902
-1.010566 -0.18009236
-0.010536054 -0.0087122872
0.98949388 0.16253478
1.9895238 0.33385904
2.9895537 0.50166093
3.9895837 0.65536334
4.9896136 0.78043009
5.9896435 0.86816292
6.9896735 0.91895411
7.9897034 0.93642818
8.9897333 0.92236012
9.9897633 0.8751957
10.989793 0.7912867
11.989823 0.66976296
12.989853 0.51886097
13.989883 0.35356705
14.989913 0.18561573
15.989943 0.019960093
16.989973 -0.14206001
17.990003 -0.2992304
18.990033 -0.4483961
19.990063 -0.58279708
20.990093 -0.69313405
21.990122 -0.77306115
22.990152 -0.82064413
23.990182 -0.83583752
24.990212 -0.81916828
25.990242 -0.77140494
26.990272 -0.69370512
27.990302 -0.58867871
28.990332 -0.46311444
29.990362 -0.32730796
30.990392 -0.19102173
31.990422 -0.061761016
32.990452 0.05583821
33.990482 0.15971916
34.990512 0.25001376
35.990541 0.3284903
36.990571 0.39584491
37.990601 0.44978012
38.990631 0.4850705
39.990661 0.49678917
40.990691 0.48379768
41.990721 0.44950622
42.990751 0.40024181
43.990781 0.34118843
44.990811 0.27488176
45.990841 0.20349168
46.990871 0.13194084
47.990901 0.067801728
48.990931 0.016170665
49.990961 -0.022748053
50.99099 -0.0516872
51.99102 -0.074596618
52.99105 -0.094610939
53.99108 -0.1120525
54.99111 -0.12439599
55.99114 -0.12882511
56.99117 -0.12463015
57.9912 -0.11374479
58.99123 -0.099748699
59.99126 -0.085226925
60.99129 -0.070319266
61.99132 -0.054215163
62.99135 -0.037813806
63.99138 -0.023969047
64.99141 -0.014518587
65.991439 -0.0089104284
66.991469 -0.0057164565
67.991499 -0.0038509559
68.991529 -0.0027024209
69.991559 -0.0019539403
70.991589 -0.0014409714
71.991619 -0.0010749332
72.991649 -0.00080570128
73.991679 -0.00060332927
74.991709 -0.00044893797
75.991739 -0.00033001738
76.991769 -0.00023790803
77.991799 -0.0001663936
78.991829 -0.00011088002
79.991859 -6.7895095e-05
80.991888 -3.476997e-05
81.991918 -9.4277353e-06
82.991948 9.7624131e-06
83.991978 2.4089165e-05
84.992008 3.457539e-05
85.992038 4.2035401e-05
86.992068 4.7118699e-05
87.992098 5.0343858e-05
88.992128 5.2125046e-05
89.992158 5.2792935e-05
90.992188 5.2611295e-05
91.992218 5.179021e-05
92.992248 5.049665e-05
93.992278 4.8862932e-05
94.992307 4.6993525e-05
95.992337 4.4970524e-05
96.992367 4.2858049e-05
97.992397 4.0705796e-05
98.992427 3.8551909e-05
99.992457 3.6425285e-05
100.99249 3.4347444e-05
101.99252 3.2334034e-05
102.99255 3.039605e-05
103.99258 2.8540816e-05
104.99261 2.6772775e-05
105.99264 2.5094125e-05
106.99267 2.3505338e-05
107.9927 2.2005566e-05
108.99273 2.0592972e-05
109.99276 1.9264995e-05
110.99279 1.8018559e-05
111.99282 1.6850236e-05
112.99285 1.5756382e-05
113.99288 1.4733234e-05
114.99291 1.3776993e-05
115.99294 1.2883879e-05
116.99297 1.2050185e-05
117.993 1.1272304e-05
118.99303 1.0546754e-05
119.99306 9.8701995e-06
120.99309 9.2394567e-06
121.99312 8.6515017e-06
122.99315 8.1034743e-06
123.99318 7.5926752e-06
124.99321 7.1165655e-06
125.99324 6.6727602e-06
126.99327 6.2590267e-06
127.9933 5.8732759e-06
128.99333 5.5135545e-06
129.99336 5.178042e-06
130.99339 4.8650411e-06
131.99341 4.5729717e-06
132.99344 4.3003626e-06
133.99347 4.0458465e-06
134.9935 3.8081515e-06
135.99353 3.5860978e-06
136.99356 3.3785888e-06
137.99359 3.1846054e-06
138.99362 3.0032036e-06
139.99365 2.8335066e-06
140.99368 2.6747001e-06
141.99371 2.52603e-06
142.99374 2.3867952e-06
143.99377 2.2563467e-06
144.9938 2.1340805e-06
145.99383 2.0194388e-06
146.99386 1.9119011e-06
147.99389 1.8109856e-06
148.99392 1.7162463e-06
149.99395 1.6272673e-06
150.99398 1.5436628e-06
151.99401 1.4650746e-06
152.99404 1.3911718e-06
153.99407 1.3216437e-06
154.9941 1.2562037e-06
155.99413 1.1945859e-06
156.99416 1.13654e-06
157.99419 1.0818363e-06
158.99422 1.0302603e-06
159.99425 9.8161106e-07
160.99428 9.357041e-07
161.99431 8.9236465e-07
162.99434 8.514327e-07
163.99437 8.1275557e-07
164.9944 7.7619608e-07
165.99443 7.4162063e-07
166.99446 7.0890923e-07
167.99449 6.7794852e-07
168.99452 6.4862988e-07
169.99455 6.208562e-07
170.99458 5.9453313e-07
171.99461 5.6957764e-07
172.99464 5.4590467e-07
173.99467 5.234415e-07
174.9947 5.0211724e-07
175.99473 4.8186343e-07
176.99476 4.6262003e-07
177.99479 4.4432937e-07
178.99482 4.2693731e-07
179.99485 4.1039188e-07
180.99488 3.9464451e-07
181.99491 3.796528e-07
182.99494 3.6537387e-07
183.99497 3.5176807e-07
184.995 3.3879823e-07
185.99503 3.2643096e-07
186.99506 3.1463205e-07
187.99509 3.0337272e-07
188.99512 2.9262231e-07
189.99515 2.8235409e-07
190.99518 2.7254458e-07
191.99521 2.6316776e-07
192.99524 2.5420284e-07
193.99527 2.4562575e-07
194.9953 2.374186e-07
195.99533 2.2956382e-07
196.99536 2.2204132e-07
197.99539 2.1483377e-07
198.99542 2.0792782e-07
199.99545 2.0130663e-07
200.99548 1.9495759e-07
201.99551 1.8886741e-07
202.99554 1.8302305e-07
203.99557 1.774109e-07
204.9956 1.720233e-07
205.99563 1.6684673e-07
206.99566 1.6187224e-07
207.99569 1.5708994e-07
208.99572 1.5249205e-07
209.99575 1.4806854e-07
210.99578 1.4381219e-07
211.99581 1.397156e-07
212.99584 1.3577152e-07
213.99587 1.3197106e-07
214.9959 1.2831143e-07
215.99593 1.2478345e-07
216.99596 1.2138155e-07
217.99599 1.1810209e-07
218.99602 1.1493883e-07
219.99605 1.1188608e-07
220.99608 1.0893955e-07
221.99611 1.0609471e-07
222.99614 1.033471e-07
223.99617 1.0069397e-07
224.9962 9.8130034e-08
225.99623 9.5650156e-08
226.99626 9.3253996e-08
227.99629 9.0935374e-08
228.99632 8.8693702e-08
229.99635 8.6523919e-08
230.99638 8.4424448e-08
231.99641 8.239289e-08
232.99644 8.0422832e-08
233.99647 7.8516543e-08
234.9965 7.6668681e-08
235.99653 7.4879056e-08
236.99656 7.3143368e-08
237.99659 7.1462071e-08
238.99662 6.9829874e-08
239.99665 6.8248638e-08
240.99668 6.6711138e-08
241.99671 6.5222044e-08
242.99674 6.3776211e-08
243.99677 6.237208e-08
244.9968 6.1007816e-08
245.99683 5.9682271e-08
246.99686 5.8395896e-08
247.99689 5.7145852e-08
248.99692 5.5929509e-08
249.99695 5.474835e-08
250.99698 5.3598317e-08
251.99701 5.2480807e-08
252.99704 5.1393751e-08
253.99707 5.0337712e-08
254.9971 4.9307287e-08
255.99713 4.8307563e-08
256.99716 4.7331607e-08
257.99719 4.6381496e-08
258.99722 4.5458036e-08
259.99725 4.455718e-08
260.99728 4.3679496e-08
261.99731 4.2824759e-08
262.99734 4.199226e-08
263.99737 4.1180318e-08
264.9974 4.038812e-08
265.99743 3.961705e-08
266.99746 3.8864007e-08
267.99749 3.8128842e-08
268.99752 3.7413662e-08
269.99755 3.6714152e-08
270.99758 3.6034035e-08
271.99761 3.5367933e-08
272.99764 3.47186e-08
273.99767 3.4083325e-08
274.9977 3.3464925e-08
275.99773 3.2861739e-08
276.99776 3.2268587e-08
277.99779 3.1692884e-08
278.99781 3.1129303e-08
279.99784 3.0577748e-08
280.99787 3.0039935e-08
281.9979 2.9513289e-08
282.99793 2.8998778e-08
283.99796 2.8496733e-08
284.99799 2.8005931e-08
285.99802 2.7524964e-08
286.99805 2.7056365e-08
287.99808 2.6593775e-08
288.99811 2.6145399e-08
289.99814 2.5705338e-08
290.99817 2.5274084e-08
291.9982 2.485339e-08
292.99823 2.4438368e-08
293.99826 2.4038006e-08
294.99829 2.3641461e-08
295.99832 2.3253861e-08
296.99835 2.2873348e-08
297.99838 2.2503057e-08
298.99841 2.2139949e-08
299.99844 2.1783994e-08
300.99847 2.1435567e-08
301.9985 2.1091925e-08
302.99853 2.0758048e-08
303.99856 2.0429037e-08
304.99859 2.0108896e-08
305.99862 1.979345e-08
306.99865 1.948374e-08
307.99868 1.9180223e-08
308.99871 1.8884357e-08
309.99874 1.8592408e-08
310.99877 1.8305937e-08
311.9988 1.8024847e-08
312.99883 1.7751244e-08
313.99886 1.7483829e-08
314.99889 1.7218045e-08
315.99892 1.6959624e-08
316.99895 1.6704322e-08
317.99898 1.6456459e-08
318.99901 1.6209738e-08
319.99904 1.5969435e-08
320.99907 1.5731416e-08
321.9991 1.5501261e-08
322.99913 1.5276282e-08
323.99916 1.5051488e-08
324.99919 1.4831715e-08
325.99922 1.4618503e-08
326.99925 1.440513e-08
327.99928 1.4196389e-08
328.99931 1.3994462e-08
329.99934 1.3791404e-08
330.99937 1.3599555e-08
331.9994 1.3404715e-08
332.99943 1.3216411e-08
333.99946 1.3030483e-08
334.99949 1.2843538e-08
335.99952 1.2663799e-08
336.99955 1.2487959e-08
337.99958 1.2316102e-08
338.99961 1.2143536e-08
339.99964 1.1974437e-08
340.99967 1.1813389e-08
341.9997 1.1648868e-08
342.99973 1.1488726e-08
343.99976 1.1331662e-08
344.99979 1.1177866e-08
345.99982 1.1025722e-08
346.99985 1.0878021e-08
347.99988 1.0731445e-08
348.99991 1.0587139e-08
349.99994 1.0446312e-08
350.99997 1.0307325e-08
352.0 1.0167225e-08
