x y
-382.02197 -4.0247025e-09
-381.02194 -1.6142448e-08
-380.02191 -3.6419063e-08
-379.02188 -6.4921085e-08
-378.02185 -1.0171572e-07
-377.02182 -1.4687087e-07
-376.02179 -2.0045514e-07
-375.02176 -2.6253781e-07
-374.02173 -3.3318892e-07
-373.0217 -4.1247921e-07
-372.02167 -5.0048015e-07
-371.02164 -5.9726398e-07
-370.02161 -7.0290365e-07
-369.02158 -8.1747291e-07
-368.02155 -9.4104627e-07
-367.02152 -1.073699e-06
-366.02149 -1.2155073e-06
-365.02146 -1.3665479e-06
-364.02143 -1.5268986e-06
-363.0214 -1.6966379e-06
-362.02137 -1.8758451e-06
-361.02134 -2.0646006e-06
-360.02131 -2.2629853e-06
-359.02128 -2.4710812e-06
-358.02125 -2.6889711e-06
-357.02122 -2.9167388e-06
-356.02119 -3.1544688e-06
-355.02116 -3.4022468e-06
-354.02113 -3.6601591e-06
-353.0211 -3.9282933e-06
-352.02107 -4.2067377e-06
-351.02104 -4.4955816e-06
-350.02101 -4.7949153e-06
-349.02098 -5.1048304e-06
-348.02095 -5.4254189e-06
-347.02092 -5.7567745e-06
-346.02089 -6.0989914e-06
-345.02086 -6.4521652e-06
-344.02083 -6.8163924e-06
-343.0208 -7.1917707e-06
-342.02077 -7.5783988e-06
-341.02074 -7.9763767e-06
-340.02071 -8.3858053e-06
-339.02068 -8.8067867e-06
-338.02065 -9.2394245e-06
-337.02062 -9.6838231e-06
-336.02059 -1.0140088e-05
-335.02056 -1.0608327e-05
-334.02053 -1.1088647e-05
-333.0205 -1.1581159e-05
-332.02047 -1.2085973e-05
-331.02044 -1.2603202e-05
-330.02041 -1.3132958e-05
-329.02038 -1.3675356e-05
-328.02035 -1.4230513e-05
-327.02032 -1.4798547e-05
-326.02029 -1.5379576e-05
-325.02026 -1.597372e-05
-324.02023 -1.6581103e-05
-323.0202 -1.7201846e-05
-322.02017 -1.7836076e-05
-321.02014 -1.8483918e-05
-320.02011 -1.9145501e-05
-319.02008 -1.9820955e-05
-318.02005 -2.051041e-05
-317.02002 -2.1214e-05
-316.01999 -2.193186e-05
-315.01996 -2.2664125e-05
-314.01993 -2.3410935e-05
-313.0199 -2.4172429e-05
-312.01987 -2.4948749e-05
-311.01984 -2.5740038e-05
-310.01981 -2.6546443e-05
-309.01979 -2.7368111e-05
-308.01976 -2.8205192e-05
-307.01973 -2.9057836e-05
-306.0197 -2.9926198e-05
-305.01967 -3.0810434e-05
-304.01964 -3.17107e-05
-303.01961 -3.2627158e-05
-302.01958 -3.355997e-05
-301.01955 -3.45093e-05
-300.01952 -3.5475316e-05
-299.01949 -3.6458186e-05
-298.01946 -3.7458083e-05
-297.01943 -3.8475181e-05
-296.0194 -3.9509657e-05
-295.01937 -4.0561689e-05
-294.01934 -4.1631462e-05
-293.01931 -4.2719159e-05
-292.01928 -4.3824969e-05
-291.01925 -4.4949082e-05
-290.01922 -4.6091691e-05
-289.01919 -4.7252994e-05
-288.01916 -4.8433191e-05
-287.01913 -4.9632484e-05
-286.0191 -5.085108e-05
-285.01907 -5.2089189e-05
-284.01904 -5.3347023e-05
-283.01901 -5.46248e-05
-282.01898 -5.5922739e-05
-281.01895 -5.7241066e-05
-280.01892 -5.8580008e-05
-279.01889 -5.9939797e-05
-278.01886 -6.1320669e-05
-277.01883 -6.2722865e-05
-276.0188 -6.414663e-05
-275.01877 -6.5592212e-05
-274.01874 -6.7059865e-05
-273.01871 -6.8549849e-05
-272.01868 -7.0062426e-05
-271.01865 -7.1597865e-05
-270.01862 -7.315644e-05
-269.01859 -7.473843e-05
-268.01856 -7.634412e-05
-267.01853 -7.7973801e-05
-266.0185 -7.9627769e-05
-265.01847 -8.1306327e-05
-264.01844 -8.3009785e-05
-263.01841 -8.4738457e-05
-262.01838 -8.6492667e-05
-261.01835 -8.8272744e-05
-260.01832 -9.0079026e-05
-259.01829 -9.1911858e-05
-258.01826 -9.3771591e-05
-257.01823 -9.5658588e-05
-256.0182 -9.7573218e-05
-255.01817 -9.9515859e-05
-254.01814 -0.0001014869
-253.01811 -0.00010348673
-252.01808 -0.00010551577
-251.01805 -0.00010757444
-250.01802 -0.00010966315
-249.01799 -0.00011178235
-248.01796 -0.00011393249
-247.01793 -0.00011611403
-246.0179 -0.00011832746
-245.01787 -0.00012057326
-244.01784 -0.00012285193
-243.01781 -0.000125164
-242.01778 -0.00012750999
-241.01775 -0.00012989046
-240.01772 -0.00013230597
-239.01769 -0.00013475711
-238.01766 -0.00013724447
-237.01763 -0.00013976867
-236.0176 -0.00014233037
-235.01757 -0.00014493021
-234.01754 -0.00014756888
-233.01751 -0.00015024708
-232.01748 -0.00015296555
-231.01745 -0.00015572504
-230.01742 -0.00015852633
-229.01739 -0.00016137022
-228.01736 -0.00016425756
-227.01733 -0.00016718922
-226.0173 -0.00017016608
-225.01727 -0.0001731891
-224.01724 -0.00017625923
-223.01721 -0.00017937748
-222.01718 -0.0001825449
-221.01715 -0.00018576258
-220.01712 -0.00018903164
-219.01709 -0.00019235327
-218.01706 -0.00019572868
-217.01703 -0.00019915915
-216.017 -0.00020264602
-215.01697 -0.00020619067
-214.01694 -0.00020979454
-213.01691 -0.00021345914
-212.01688 -0.00021718606
-211.01685 -0.00022097693
-210.01682 -0.00022483347
-209.01679 -0.0002287575
-208.01676 -0.00023275088
-207.01673 -0.00023681558
-206.0167 -0.00024095369
-205.01667 -0.00024516735
-204.01664 -0.00024945883
-203.01661 -0.00025383051
-202.01658 -0.00025828488
-201.01655 -0.00026282457
-200.01652 -0.00026745232
-199.01649 -0.00027217103
-198.01646 -0.00027698372
-197.01643 -0.00028189361
-196.0164 -0.00028690404
-195.01637 -0.00029201856
-194.01634 -0.00029724089
-193.01631 -0.00030257497
-192.01628 -0.00030802492
-191.01625 -0.00031359512
-190.01622 -0.00031929017
-189.01619 -0.00032511494
-188.01616 -0.00033107454
-187.01613 -0.00033717441
-186.0161 -0.00034342027
-185.01607 -0.00034981817
-184.01604 -0.00035637454
-183.01601 -0.00036309613
-182.01598 -0.00036999013
-181.01595 -0.00037706414
-180.01592 -0.0003843262
-179.01589 -0.00039178485
-178.01586 -0.00039944912
-177.01583 -0.00040732862
-176.0158 -0.00041543351
-175.01577 -0.00042377461
-174.01574 -0.00043236338
-173.01571 -0.00044121201
-172.01568 -0.00045033345
-171.01565 -0.00045974147
-170.01562 -0.00046945071
-169.01559 -0.00047947674
-168.01556 -0.00048983614
-167.01553 -0.00050054657
-166.0155 -0.0005116268
-165.01547 -0.00052309688
-164.01544 -0.00053497815
-163.01541 -0.00054729335
-162.01539 -0.00056006677
-161.01536 -0.0005733243
-160.01533 -0.00058709357
-159.0153 -0.0006014041
-158.01527 -0.0006162874
-157.01524 -0.00063177715
-156.01521 -0.00064790934
-155.01518 -0.00066472245
-154.01515 -0.00068225764
-153.01512 -0.00070055893
-152.01509 -0.00071967345
-151.01506 -0.00073965163
-150.01503 -0.00076054752
-149.015 -0.00078241897
-148.01497 -0.00080532801
-147.01494 -0.00082934111
-146.01491 -0.00085452955
-145.01488 -0.0008809698
-144.01485 -0.00090874388
-143.01482 -0.00093793983
-142.01479 -0.00096865214
-141.01476 -0.0010009823
-140.01473 -0.0010350394
-139.0147 -0.0010709404
-138.01467 -0.0011088113
-137.01464 -0.0011487873
-136.01461 -0.0011910139
-135.01458 -0.0012356476
-134.01455 -0.0012828566
-133.01452 -0.001332822
-132.01449 -0.0013857385
-131.01446 -0.001441816
-130.01443 -0.00150128
-129.0144 -0.0015643736
-128.01437 -0.0016313582
-127.01434 -0.0017025158
-126.01431 -0.0017781494
-125.01428 -0.0018585858
-124.01425 -0.0019441767
-123.01422 -0.0020353007
-122.01419 -0.0021323657
-121.01416 -0.0022358106
-120.01413 -0.0023461079
-119.0141 -0.0024637659
-118.01407 -0.0025893317
-117.01404 -0.0027233934
-116.01401 -0.0028665831
-115.01398 -0.00301958
-114.01395 -0.0031831131
-113.01392 -0.0033579646
-112.01389 -0.0035449726
-111.01386 -0.0037450346
-110.01383 -0.0039591103
-109.0138 -0.0041882241
-108.01377 -0.0044334682
-107.01374 -0.0046960045
-106.01371 -0.0049770661
-105.01368 -0.0052779579
-104.01365 -0.0056000571
-103.01362 -0.0059448105
-102.01359 -0.0063137321
-101.01356 -0.0067083967
-100.01353 -0.0071304315
-99.013499 -0.007581504
-98.013469 -0.0080633045
-97.013439 -0.0085775237
-96.01341 -0.0091258222
-95.01338 -0.0097097914
-94.01335 -0.010330902
-93.01332 -0.01099044
-92.01329 -0.011689422
-91.01326 -0.012428493
-90.01323 -0.01320779
-89.0132 -0.014026782
-88.01317 -0.014884055
-87.01314 -0.015777053
-86.01311 -0.016701751
-85.01308 -0.017652251
-84.01305 -0.018620262
-83.01302 -0.019594471
-82.01299 -0.020559739
-81.012961 -0.021496099
-80.012931 -0.022377496
-79.012901 -0.023170194
-78.012871 -0.023830748
-77.012841 -0.024303406
-76.012811 -0.024516734
-75.012781 -0.024379159
-74.012751 -0.023772954
-73.012721 -0.022545896
-72.012691 -0.020499238
-71.012661 -0.017369646
-70.012631 -0.012800654
-69.012601 -0.0062950779
-68.012571 0.0028687809
-67.012541 0.015792206
-66.012512 0.034253775
-65.012482 0.061280726
-64.012452 0.1021602
-63.012422 0.16578316
-62.012392 0.26527138
-61.012362 0.41656834
-60.012332 0.63585016
-59.012302 0.93826398
-58.012272 1.3383894
-57.012242 1.8502273
-56.012212 2.4850534
-55.012182 3.2480726
-54.012152 4.1362147
-53.012122 5.1384328
-52.012093 6.238128
-51.012063 7.4156505
-50.012033 8.6484532
-49.012003 9.9084452
-48.011973 11.158211
-47.011943 12.348096
-46.011913 13.416056
-45.011883 14.291918
-44.011853 14.904378
-43.011823 15.186444
-42.011793 15.078117
-41.011763 14.528912
-40.011733 13.502579
-39.011703 11.983106
-38.011673 9.9786109
-37.011644 7.5209217
-36.011614 4.6613412
-35.011584 1.4655616
-34.011554 -1.9891192
-33.011524 -5.613557
-32.011494 -9.3052117
-31.011464 -12.947661
-30.011434 -16.412303
-29.011404 -19.562651
-28.011374 -22.261659
-27.011344 -24.381829
-26.011314 -25.81588
-25.011284 -26.48395
-24.011254 -26.336336
-23.011224 -25.354452
-22.011195 -23.551677
-21.011165 -20.974062
-20.011135 -17.700297
-19.011105 -13.839322
-18.011075 -9.5237623
-17.011045 -4.9010713
-16.011015 -0.12686342
-15.010985 4.638246
-14.010955 9.2299627
-13.010925 13.481861
-12.010895 17.230209
-11.010865 20.32469
-10.010835 22.642046
-9.0108054 24.094753
-8.0107755 24.631619
-7.0107456 24.234797
-6.0107156 22.918177
-5.0106857 20.728866
-4.0106558 17.750551
-3.0106259 14.104062
-2.0105959 9.9398148
-1.010566 5.4242183
-0.010536054 0.72847934
0.98949388 -3.9759848
1.9895238 -8.5178732
2.9895537 -12.726117
3.9895837 -16.433793
4.9896136 -19.488514
5.9896435 -21.765956
6.9896735 -23.178275
7.9897034 -23.674343
8.9897333 -23.236528
9.9897633 -21.879036
10.989793 -19.649367
11.989823 -16.631583
12.989853 -12.946515
13.989883 -8.7437091
14.989913 -4.1874759
15.989943 0.55459796
16.989973 5.3169331
17.990003 9.9375917
18.990033 14.259641
19.990063 18.134464
20.990093 21.428495
21.990122 24.031924
22.990152 25.864948
23.990182 26.879982
24.990212 27.061784
25.990242 26.426963
26.990272 25.023188
27.990302 22.927982
28.990332 20.245808
29.990362 17.101331
30.990392 13.629552
31.990422 9.9661319
32.990452 6.2399569
33.990482 2.5684676
34.990512 -0.94444551
35.990541 -4.2083026
36.990571 -7.1445544
37.990601 -9.6860269
38.990631 -11.779248
39.990661 -13.389368
40.990691 -14.504761
41.990721 -15.138132
42.990751 -15.323202
43.990781 -15.108796
44.990811 -14.553781
45.990841 -13.724315
46.990871 -12.691395
47.990901 -11.52588
48.990931 -10.291472
49.990961 -9.0398178
50.99099 -7.8100705
51.99102 -6.6315162
52.99105 -5.5273448
53.99108 -4.5176024
54.99111 -3.6194951
55.99114 -2.8451122
56.99117 -2.1988241
57.9912 -1.676599
58.99123 -1.2678763
59.99126 -0.95888819
60.99129 -0.73510944
61.99132 -0.58153769
62.99135 -0.48213611
63.99138 -0.42077627
64.99141 -0.3837775
65.991439 -0.36162164
66.991469 -0.34857328
67.991499 -0.34134899
68.991529 -0.33803373
69.991559 -0.33745345
70.991589 -0.3388464
71.991619 -0.34169241
72.991649 -0.34562136
73.991679 -0.35036157
74.991709 -0.35570909
75.991739 -0.36150851
76.991769 -0.36764019
77.991799 -0.3740115
78.991829 -0.38055053
79.991859 -0.38720149
80.991888 -0.39392117
81.991918 -0.40067626
82.991948 -0.40744129
83.991978 -0.41419697
84.992008 -0.42092887
85.992038 -0.42762644
86.992068 -0.43428218
87.992098 -0.44089094
88.992128 -0.44744948
89.992158 -0.45395599
90.992188 -0.46040977
91.992218 -0.46681098
92.992248 -0.47316045
93.992278 -0.47945944
94.992307 -0.48570958
95.992337 -0.49191274
96.992367 -0.49807094
97.992397 -0.50418628
98.992427 -0.51026091
99.992457 -0.51629698
100.99249 -0.52229662
101.99252 -0.52826191
102.99255 -0.53419485
103.99258 -0.54009739
104.99261 -0.54597138
105.99264 -0.55181859
106.99267 -0.55764069
107.9927 -0.56343928
108.99273 -0.56921586
109.99276 -0.57497184
110.99279 -0.58070854
111.99282 -0.58642722
112.99285 -0.59212903
113.99288 -0.59781509
114.99291 -0.60348641
115.99294 -0.60914394
116.99297 -0.61478858
117.993 -0.62042117
118.99303 -0.62604248
119.99306 -0.63165324
120.99309 -0.63725412
121.99312 -0.64284576
122.99315 -0.64842875
123.99318 -0.65400363
124.99321 -0.65957091
125.99324 -0.66513107
126.99327 -0.67068456
127.9933 -0.67623178
128.99333 -0.68177313
129.99336 -0.68730897
130.99339 -0.69283962
131.99341 -0.6983654
132.99344 -0.70388662
133.99347 -0.70940353
134.9935 -0.71491639
135.99353 -0.72042544
136.99356 -0.7259309
137.99359 -0.73143299
138.99362 -0.73693189
139.99365 -0.74242778
140.99368 -0.74792084
141.99371 -0.75341122
142.99374 -0.75889908
143.99377 -0.76438455
144.9938 -0.76986776
145.99383 -0.77534884
146.99386 -0.7808279
147.99389 -0.78630504
148.99392 -0.79178038
149.99395 -0.79725399
150.99398 -0.80272598
151.99401 -0.80819642
152.99404 -0.8136654
153.99407 -0.81913299
154.9941 -0.82459925
155.99413 -0.83006426
156.99416 -0.83552808
157.99419 -0.84099075
158.99422 -0.84645235
159.99425 -0.85191291
160.99428 -0.85737249
161.99431 -0.86283114
162.99434 -0.86828889
163.99437 -0.87374579
164.9944 -0.87920188
165.99443 -0.8846572
166.99446 -0.89011177
167.99449 -0.89556563
168.99452 -0.90101881
169.99455 -0.90647134
170.99458 -0.91192326
171.99461 -0.91737458
172.99464 -0.92282533
173.99467 -0.92827553
174.9947 -0.93372521
175.99473 -0.93917439
176.99476 -0.94462308
177.99479 -0.95007131
178.99482 -0.9555191
179.99485 -0.96096646
180.99488 -0.96641341
181.99491 -0.97185997
182.99494 -0.97730614
183.99497 -0.98275196
184.995 -0.98819741
185.99503 -0.99364253
186.99506 -0.99908733
187.99509 -1.0045318
188.99512 -1.009976
189.99515 -1.0154199
190.99518 -1.0208635
191.99521 -1.0263068
192.99524 -1.0317499
193.99527 -1.0371927
194.9953 -1.0426352
195.99533 -1.0480776
196.99536 -1.0535197
197.99539 -1.0589615
198.99542 -1.0644032
199.99545 -1.0698446
200.99548 -1.0752859
201.99551 -1.080727
202.99554 -1.0861678
203.99557 -1.0916085
204.9956 -1.097049
205.99563 -1.1024893
206.99566 -1.1079295
207.99569 -1.1133695
208.99572 -1.1188094
209.99575 -1.1242491
210.99578 -1.1296886
211.99581 -1.135128
212.99584 -1.1405673
213.99587 -1.1460064
214.9959 -1.1514454
215.99593 -1.1568843
216.99596 -1.162323
217.99599 -1.1677616
218.99602 -1.1732001
219.99605 -1.1786385
220.99608 -1.1840768
221.99611 -1.189515
222.99614 -1.194953
223.99617 -1.200391
224.9962 -1.2058289
225.99623 -1.2112666
226.99626 -1.2167043
227.99629 -1.2221419
228.99632 -1.2275793
229.99635 -1.2330167
230.99638 -1.238454
231.99641 -1.2438913
232.99644 -1.2493284
233.99647 -1.2547654
234.9965 -1.2602024
235.99653 -1.2656393
236.99656 -1.2710762
237.99659 -1.2765129
238.99662 -1.2819496
239.99665 -1.2873862
240.99668 -1.2928228
241.99671 -1.2982592
242.99674 -1.3036956
243.99677 -1.309132
244.9968 -1.3145683
245.99683 -1.3200045
246.99686 -1.3254407
247.99689 -1.3308768
248.99692 -1.3363128
249.99695 -1.3417488
250.99698 -1.3471848
251.99701 -1.3526206
252.99704 -1.3580565
253.99707 -1.3634923
254.9971 -1.368928
255.99713 -1.3743637
256.99716 -1.3797993
257.99719 -1.3852349
258.99722 -1.3906704
259.99725 -1.3961059
260.99728 -1.4015414
261.99731 -1.4069768
262.99734 -1.4124122
263.99737 -1.4178475
264.9974 -1.4232828
265.99743 -1.428718
266.99746 -1.4341532
267.99749 -1.4395884
268.99752 -1.4450235
269.99755 -1.4504586
270.99758 -1.4558936
271.99761 -1.4613286
272.99764 -1.4667636
273.99767 -1.4721986
274.9977 -1.4776335
275.99773 -1.4830683
276.99776 -1.4885032
277.99779 -1.493938
278.99781 -1.4993728
279.99784 -1.5048075
280.99787 -1.5102422
281.9979 -1.5156769
282.99793 -1.5211116
283.99796 -1.5265462
284.99799 -1.5319808
285.99802 -1.5374154
286.99805 -1.5428499
287.99808 -1.5482845
288.99811 -1.5537189
289.99814 -1.5591534
290.99817 -1.5645879
291.9982 -1.5700223
292.99823 -1.5754567
293.99826 -1.580891
294.99829 -1.5863254
295.99832 -1.5917597
296.99835 -1.597194
297.99838 -1.6026282
298.99841 -1.6080625
299.99844 -1.6134967
300.99847 -1.6189309
301.9985 -1.6243651
302.99853 -1.6297993
303.99856 -1.6352334
304.99859 -1.6406675
305.99862 -1.6461016
306.99865 -1.6515357
307.99868 -1.6569698
308.99871 -1.6624038
309.99874 -1.6678378
310.99877 -1.6732718
311.9988 -1.6787058
312.99883 -1.6841398
313.99886 -1.6895737
314.99889 -1.6950077
315.99892 -1.7004416
316.99895 -1.7058755
317.99898 -1.7113094
318.99901 -1.7167432
319.99904 -1.7221771
320.99907 -1.7276109
321.9991 -1.7330447
322.99913 -1.7384785
323.99916 -1.7439123
324.99919 -1.7493461
325.99922 -1.7547799
326.99925 -1.7602136
327.99928 -1.7656473
328.99931 -1.7710811
329.99934 -1.7765148
330.99937 -1.7819484
331.9994 -1.7873821
332.99943 -1.7928158
333.99946 -1.7982494
334.99949 -1.803683
335.99952 -1.8091167
336.99955 -1.8145503
337.99958 -1.8199839
338.99961 -1.8254175
339.99964 -1.830851
340.99967 -1.8362846
341.9997 -1.8417181
342.99973 -1.8471517
343.99976 -1.8525852
344.99979 -1.8580187
345.99982 -1.8634522
346.99985 -1.8688857
347.99988 -1.8743192
348.99991 -1.8797526
349.99994 -1.8851861
350.99997 -1.8906195
352.0 -1.896053
