x y
-382.02197 2.8276662e-06
-381.02194 5.6866325e-06
-380.02191 8.5773363e-06
-379.02188 1.1500223e-05
-378.02185 1.4455746e-05
-377.02182 1.7444365e-05
-376.02179 2.0466549e-05
-375.02176 2.3522774e-05
-374.02173 2.6613526e-05
-373.0217 2.9739297e-05
-372.02167 3.290059e-05
-371.02164 3.6097913e-05
-370.02161 3.9331788e-05
-369.02158 4.2602741e-05
-368.02155 4.5911311e-05
-367.02152 4.9258045e-05
-366.02149 5.26435e-05
-365.02146 5.6068241e-05
-364.02143 5.9532846e-05
-363.0214 6.3037902e-05
-362.02137 6.6584005e-05
-361.02134 7.0171765e-05
-360.02131 7.38018e-05
-359.02128 7.7474739e-05
-358.02125 8.1191226e-05
-357.02122 8.4951912e-05
-356.02119 8.8757463e-05
-355.02116 9.2608556e-05
-354.02113 9.6505882e-05
-353.0211 0.00010045014
-352.02107 0.00010444205
-351.02104 0.00010848234
-350.02101 0.00011257174
-349.02098 0.00011671102
-348.02095 0.00012090095
-347.02092 0.00012514231
-346.02089 0.0001294359
-345.02086 0.00013378253
-344.02083 0.00013818303
-343.0208 0.00014263825
-342.02077 0.00014714905
-341.02074 0.0001517163
-340.02071 0.00015634091
-339.02068 0.00016102379
-338.02065 0.00016576585
-337.02062 0.00017056806
-336.02059 0.00017543137
-335.02056 0.00018035678
-334.02053 0.00018534528
-333.0205 0.0001903979
-332.02047 0.00019551569
-331.02044 0.0002006997
-330.02041 0.00020595103
-329.02038 0.00021127077
-328.02035 0.00021666007
-327.02032 0.00022212007
-326.02029 0.00022765195
-325.02026 0.0002332569
-324.02023 0.00023893616
-323.0202 0.00024469096
-322.02017 0.00025052259
-321.02014 0.00025643234
-320.02011 0.00026242153
-319.02008 0.00026849153
-318.02005 0.00027464371
-317.02002 0.00028087949
-316.01999 0.0002872003
-315.01996 0.00029360761
-314.01993 0.00030010293
-313.0199 0.00030668779
-312.01987 0.00031336376
-311.01984 0.00032013242
-310.01981 0.00032699542
-309.01979 0.00033395442
-308.01976 0.00034101112
-307.01973 0.00034816727
-306.0197 0.00035542465
-305.01967 0.00036278506
-304.01964 0.00037025036
-303.01961 0.00037782246
-302.01958 0.00038550328
-301.01955 0.00039329482
-300.01952 0.00040119909
-299.01949 0.00040921816
-298.01946 0.00041735416
-297.01943 0.00042560924
-296.0194 0.00043398562
-295.01937 0.00044248555
-294.01934 0.00045111136
-293.01931 0.00045986541
-292.01928 0.00046875012
-291.01925 0.00047776796
-290.01922 0.00048692146
-289.01919 0.00049621323
-288.01916 0.00050564591
-287.01913 0.00051522221
-286.0191 0.00052494492
-285.01907 0.00053481687
-284.01904 0.00054484097
-283.01901 0.0005550202
-282.01898 0.00056535762
-281.01895 0.00057585634
-280.01892 0.00058651957
-279.01889 0.00059735057
-278.01886 0.00060835271
-277.01883 0.00061952941
-276.0188 0.0006308842
-275.01877 0.00064242068
-274.01874 0.00065414255
-273.01871 0.00066605359
-272.01868 0.00067815769
-271.01865 0.00069045882
-270.01862 0.00070296106
-269.01859 0.00071566859
-268.01856 0.00072858569
-267.01853 0.00074171677
-266.0185 0.00075506632
-265.01847 0.00076863897
-264.01844 0.00078243946
-263.01841 0.00079647265
-262.01838 0.00081074354
-261.01835 0.00082525725
-260.01832 0.00084001903
-259.01829 0.00085503427
-258.01826 0.00087030851
-257.01823 0.00088584744
-256.0182 0.00090165689
-255.01817 0.00091774286
-254.01814 0.00093411149
-253.01811 0.00095076912
-252.01808 0.00096772223
-251.01805 0.00098497749
-250.01802 0.0010025418
-249.01799 0.0010204221
-248.01796 0.0010386257
-247.01793 0.0010571601
-246.0179 0.0010760328
-245.01787 0.0010952518
-244.01784 0.0011148251
-243.01781 0.0011347611
-242.01778 0.0011550683
-241.01775 0.0011757555
-240.01772 0.0011968318
-239.01769 0.0012183065
-238.01766 0.0012401892
-237.01763 0.0012624897
-236.0176 0.0012852183
-235.01757 0.0013083854
-234.01754 0.0013320017
-233.01751 0.0013560785
-232.01748 0.001380627
-231.01745 0.0014056591
-230.01742 0.001431187
-229.01739 0.0014572231
-228.01736 0.0014837804
-227.01733 0.0015108721
-226.0173 0.001538512
-225.01727 0.0015667141
-224.01724 0.0015954932
-223.01721 0.0016248641
-222.01718 0.0016548425
-221.01715 0.0016854444
-220.01712 0.0017166862
-219.01709 0.0017485851
-218.01706 0.0017811587
-217.01703 0.0018144252
-216.017 0.0018484034
-215.01697 0.0018831126
-214.01694 0.0019185731
-213.01691 0.0019548054
-212.01688 0.0019918311
-211.01685 0.0020296723
-210.01682 0.0020683519
-209.01679 0.0021078937
-208.01676 0.002148322
-207.01673 0.0021896624
-206.0167 0.0022319411
-205.01667 0.0022751851
-204.01664 0.0023194228
-203.01661 0.0023646831
-202.01658 0.0024109963
-201.01655 0.0024583936
-200.01652 0.0025069075
-199.01649 0.0025565714
-198.01646 0.0026074203
-197.01643 0.0026594901
-196.0164 0.0027128183
-195.01637 0.0027674437
-194.01634 0.0028234066
-193.01631 0.0028807489
-192.01628 0.0029395138
-191.01625 0.0029997465
-190.01622 0.0030614937
-189.01619 0.0031248042
-188.01616 0.0031897283
-187.01613 0.0032563187
-186.0161 0.0033246299
-185.01607 0.0033947186
-184.01604 0.003466644
-183.01601 0.0035404675
-182.01598 0.0036162529
-181.01595 0.003694067
-180.01592 0.003773979
-179.01589 0.0038560611
-178.01586 0.0039403885
-177.01583 0.0040270397
-176.0158 0.0041160964
-175.01577 0.0042076438
-174.01574 0.0043017709
-173.01571 0.0043985704
-172.01568 0.0044981391
-171.01565 0.0046005782
-170.01562 0.0047059933
-169.01559 0.0048144947
-168.01556 0.0049261976
-167.01553 0.0050412227
-166.0155 0.005159696
-165.01547 0.0052817493
-164.01544 0.0054075207
-163.01541 0.0055371546
-162.01539 0.0056708022
-161.01536 0.0058086221
-160.01533 0.0059507804
-159.0153 0.0060974511
-158.01527 0.0062488168
-157.01524 0.0064050691
-156.01521 0.0065664091
-155.01518 0.0067330477
-154.01515 0.0069052067
-153.01512 0.0070831191
-152.01509 0.0072670296
-151.01506 0.0074571958
-150.01503 0.0076538885
-149.015 0.0078573928
-148.01497 0.0080680089
-147.01494 0.0082860529
-146.01491 0.0085118579
-145.01488 0.0087457753
-144.01485 0.0089881755
-143.01482 0.0092394493
-142.01479 0.0095000095
-141.01476 0.0097702918
-140.01473 0.010050757
-139.0147 0.010341891
-138.01467 0.01064421
-137.01464 0.010958258
-136.01461 0.011284612
-135.01458 0.011623884
-134.01455 0.011976719
-133.01452 0.012343806
-132.01449 0.012725871
-131.01446 0.013123689
-130.01443 0.01353808
-129.0144 0.013969915
-128.01437 0.014420123
-127.01434 0.014889689
-126.01431 0.015379662
-125.01428 0.015891159
-124.01425 0.016425372
-123.01422 0.01698357
-122.01419 0.017567105
-121.01416 0.018177423
-120.01413 0.018816065
-119.0141 0.019484681
-118.01407 0.020185032
-117.01404 0.020919003
-116.01401 0.021688611
-115.01398 0.022496017
-114.01395 0.023343537
-113.01392 0.024233654
-112.01389 0.02516903
-111.01386 0.026152527
-110.01383 0.027187215
-109.0138 0.028276398
-108.01377 0.029423626
-107.01374 0.030632721
-106.01371 0.031907799
-105.01368 0.033253294
-104.01365 0.034673987
-103.01362 0.036175034
-102.01359 0.037762001
-101.01356 0.039440901
-100.01353 0.041218229
-99.013499 0.04310101
-98.013469 0.045096843
-97.013439 0.047213954
-96.01341 0.049461253
-95.01338 0.051848395
-94.01335 0.05438585
-93.01332 0.057084978
-92.01329 0.05995811
-91.01326 0.063018641
-90.01323 0.06628113
-89.0132 0.069761412
-88.01317 0.073476722
-87.01314 0.077445835
-86.01311 0.08168922
-85.01308 0.086229219
-84.01305 0.091090244
-83.01302 0.096299013
-82.01299 0.10188481
-81.012961 0.10787981
-80.012931 0.11431945
-79.012901 0.12124285
-78.012871 0.12869337
-77.012841 0.13671925
-76.012811 0.14537435
-75.012781 0.15471904
-74.012751 0.16482103
-73.012721 0.17575622
-72.012691 0.1876086
-71.012661 0.20046829
-70.012631 0.21442407
-69.012601 0.22954274
-68.012571 0.24581558
-67.012541 0.26302493
-66.012512 0.28042219
-65.012482 0.2960243
-64.012452 0.30546574
-63.012422 0.30160155
-62.012392 0.27754701
-61.012362 0.23143915
-60.012332 0.16601768
-59.012302 0.083460097
-58.012272 -0.01683952
-57.012242 -0.13504559
-56.012212 -0.26650597
-55.012182 -0.40144799
-54.012152 -0.52862767
-53.012122 -0.63980875
-52.012093 -0.73236565
-51.012063 -0.80721257
-50.012033 -0.86420232
-49.012003 -0.90086141
-48.011973 -0.91701913
-47.011943 -0.91947046
-46.011913 -0.91700203
-45.011883 -0.9105144
-44.011853 -0.89504866
-43.011823 -0.87240778
-42.011793 -0.85513474
-41.011763 -0.85590472
-40.011733 -0.87550861
-39.011703 -0.90233278
-38.011673 -0.92149435
-37.011644 -0.92585373
-36.011614 -0.92217255
-35.011584 -0.92445852
-34.011554 -0.93897493
-33.011524 -0.95761698
-32.011494 -0.96634534
-31.011464 -0.95637606
-30.011434 -0.92455471
-29.011404 -0.8673384
-28.011374 -0.78137035
-27.011344 -0.67044267
-26.011314 -0.54673473
-25.011284 -0.4228949
-24.011254 -0.30433316
-23.011224 -0.18919327
-22.011195 -0.07396025
-21.011165 0.03995707
-20.011135 0.1427924
-19.011105 0.22131386
-18.011075 0.26894909
-17.011045 0.28987406
-16.011015 0.29375301
-15.010985 0.28899148
-14.010955 0.28064786
-13.010925 0.2714789
-12.010895 0.26300871
-11.010865 0.25580136
-10.010835 0.24964676
-9.0108054 0.24411234
-8.0107755 0.23891935
-7.0107456 0.23396791
-6.0107156 0.22932
-5.0106857 0.22528274
-4.0106558 0.22247664
-3.0106259 0.22144509
-2.0105959 0.22208374
-1.010566 0.22381832
-0.010536054 0.22610535
0.98949388 0.22850231
1.9895238 0.23052304
2.9895537 0.23158398
3.9895837 0.23135076
4.9896136 0.23039802
5.9896435 0.22999202
6.9896735 0.23107486
7.9897034 0.23398222
8.9897333 0.23880838
9.9897633 0.24562756
10.989793 0.25441315
11.989823 0.26465005
12.989853 0.27514101
13.989883 0.28452824
14.989913 0.29154692
15.989943 0.29417597
16.989973 0.28819405
17.990003 0.26597787
18.990033 0.2180977
19.990063 0.13976622
20.990093 0.036718148
21.990122 -0.077921057
22.990152 -0.19359602
23.990182 -0.3080512
24.990212 -0.4246344
25.990242 -0.54589352
26.990272 -0.66770719
27.990302 -0.77840517
28.990332 -0.86563405
29.990362 -0.92460657
30.990392 -0.95814206
31.990422 -0.96992417
32.990452 -0.96267615
33.990482 -0.94394897
34.990512 -0.92745829
35.990541 -0.92296562
36.990571 -0.92630229
37.990601 -0.92365311
38.990631 -0.90637475
39.990661 -0.87966031
40.990691 -0.8578964
41.990721 -0.8538836
42.990751 -0.868983
43.990781 -0.89172837
44.990811 -0.90864002
45.990841 -0.9161435
46.990871 -0.9189939
47.990901 -0.91772118
48.990931 -0.90420767
49.990961 -0.87075695
50.99099 -0.81664081
51.99102 -0.7443968
52.99105 -0.65458695
53.99108 -0.54617873
54.99111 -0.42101412
55.99114 -0.28655998
56.99117 -0.15388371
57.9912 -0.033261989
58.99123 0.069774483
59.99126 0.15489051
60.99129 0.2229296
61.99132 0.27213803
62.99135 0.29951852
63.99138 0.30603207
64.99141 0.29806238
65.991439 0.28301291
66.991469 0.26569568
67.991499 0.24837187
68.991529 0.2319183
69.991559 0.21660497
70.991589 0.20246051
71.991619 0.18942485
72.991649 0.17741067
73.991679 0.16632741
74.991709 0.15608994
75.991739 0.14662114
76.991769 0.13785209
77.991799 0.12972139
78.991829 0.12217425
79.991859 0.11516164
80.991888 0.10863949
81.991918 0.10256808
82.991948 0.096911437
83.991978 0.091636914
84.992008 0.086714802
85.992038 0.082118003
86.992068 0.07782176
87.992098 0.073803423
88.992128 0.070042238
89.992158 0.066519172
90.992188 0.063216755
91.992218 0.060118936
92.992248 0.057210958
93.992278 0.054479245
94.992307 0.051911298
95.992337 0.049495605
96.992367 0.047221555
97.992397 0.045079362
98.992427 0.043059998
99.992457 0.041155124
100.99249 0.039357042
101.99252 0.037658632
102.99255 0.036053311
103.99258 0.03453499
104.99261 0.033098027
105.99264 0.031737197
106.99267 0.030447657
107.9927 0.029224914
108.99273 0.028064799
109.99276 0.02696344
110.99279 0.02591724
111.99282 0.024922854
112.99285 0.023977169
113.99288 0.023077289
114.99291 0.022220517
115.99294 0.021404337
116.99297 0.020626404
117.993 0.019884531
118.99303 0.019176674
119.99306 0.018500925
120.99309 0.0178555
121.99312 0.017238729
122.99315 0.016649052
123.99318 0.016085005
124.99321 0.015545218
125.99324 0.015028406
126.99327 0.014533365
127.9933 0.014058963
128.99333 0.013604138
129.99336 0.013167893
130.99339 0.012749288
131.99341 0.012347441
132.99344 0.011961522
133.99347 0.011590749
134.9935 0.011234383
135.99353 0.010891732
136.99356 0.01056214
137.99359 0.010244988
138.99362 0.0099396929
139.99365 0.0096457037
140.99368 0.0093624994
141.99371 0.0090895876
142.99374 0.0088265022
143.99377 0.0085728025
144.9938 0.008328071
145.99383 0.0080919125
146.99386 0.0078639521
147.99389 0.0076438346
148.99392 0.0074312232
149.99395 0.007225798
150.99398 0.0070272556
151.99401 0.0068353076
152.99404 0.0066496801
153.99407 0.0064701128
154.9941 0.0062963582
155.99413 0.0061281806
156.99416 0.0059653559
157.99419 0.0058076707
158.99422 0.0056549219
159.99425 0.0055069157
160.99428 0.0053634675
161.99431 0.0052244014
162.99434 0.0050895494
163.99437 0.0049587514
164.9944 0.0048318545
165.99443 0.0047087125
166.99446 0.0045891862
167.99449 0.0044731421
168.99452 0.0043604529
169.99455 0.0042509968
170.99458 0.0041446572
171.99461 0.0040413227
172.99464 0.0039408865
173.99467 0.0038432464
174.9947 0.0037483047
175.99473 0.0036559675
176.99476 0.003566145
177.99479 0.0034787511
178.99482 0.0033937032
179.99485 0.0033109221
180.99488 0.0032303317
181.99491 0.0031518592
182.99494 0.0030754345
183.99497 0.0030009903
184.995 0.002928462
185.99503 0.0028577876
186.99506 0.0027889074
187.99509 0.0027217641
188.99512 0.0026563025
189.99515 0.0025924696
190.99518 0.0025302143
191.99521 0.0024694876
192.99524 0.0024102422
193.99527 0.0023524325
194.9953 0.0022960147
195.99533 0.0022409467
196.99536 0.0021871877
197.99539 0.0021346985
198.99542 0.0020834413
199.99545 0.0020333797
200.99548 0.0019844786
201.99551 0.0019367041
202.99554 0.0018900234
203.99557 0.0018444049
204.9956 0.0017998183
205.99563 0.0017562341
206.99566 0.0017136238
207.99569 0.0016719601
208.99572 0.0016312165
209.99575 0.0015913673
210.99578 0.0015523878
211.99581 0.001514254
212.99584 0.0014769429
213.99587 0.001440432
214.9959 0.0014046998
215.99593 0.0013697252
216.99596 0.001335488
217.99599 0.0013019687
218.99602 0.0012691482
219.99605 0.0012370081
220.99608 0.0012055308
221.99611 0.0011746989
222.99614 0.0011444958
223.99617 0.0011149052
224.9962 0.0010859116
225.99623 0.0010574998
226.99626 0.001029655
227.99629 0.0010023629
228.99632 0.00097560979
229.99635 0.00094938216
230.99638 0.00092366702
231.99641 0.00089845175
232.99644 0.00087372408
233.99647 0.00084947214
234.9965 0.00082568438
235.99653 0.00080234959
236.99656 0.00077945691
237.99659 0.00075699577
238.99662 0.00073495591
239.99665 0.00071332738
240.99668 0.00069210048
241.99671 0.00067126582
242.99674 0.00065081426
243.99677 0.00063073692
244.9968 0.00061102517
245.99683 0.0005916706
246.99686 0.00057266506
247.99689 0.00055400062
248.99692 0.00053566956
249.99695 0.00051766437
250.99698 0.00049997774
251.99701 0.00048260258
252.99704 0.00046553196
253.99707 0.00044875916
254.9971 0.00043227762
255.99713 0.00041608098
256.99716 0.00040016301
257.99719 0.00038451769
258.99722 0.00036913912
259.99725 0.00035402157
260.99728 0.00033915945
261.99731 0.00032454733
262.99734 0.0003101799
263.99737 0.00029605201
264.9974 0.00028215861
265.99743 0.0002684948
266.99746 0.0002550558
267.99749 0.00024183694
268.99752 0.00022883369
269.99755 0.00021604161
270.99758 0.00020345638
271.99761 0.00019107379
272.99764 0.00017888971
273.99767 0.00016690015
274.9977 0.00015510119
275.99773 0.00014348901
276.99776 0.00013205988
277.99779 0.00012081017
278.99781 0.00010973634
279.99784 9.8834907e-05
280.99787 8.8102501e-05
281.9979 7.7535817e-05
282.99793 6.7131632e-05
283.99796 5.6886798e-05
284.99799 4.6798239e-05
285.99802 3.6862953e-05
286.99805 2.7078006e-05
287.99808 1.7440532e-05
288.99811 7.9477322e-06
289.99814 -1.4031297e-06
290.99817 -1.0614727e-05
291.9982 -1.9689671e-05
292.99823 -2.8630517e-05
293.99826 -3.743976e-05
294.99829 -4.6119839e-05
295.99832 -5.4673139e-05
296.99835 -6.3101994e-05
297.99838 -7.1408682e-05
298.99841 -7.9595434e-05
299.99844 -8.7664431e-05
300.99847 -9.5617805e-05
301.9985 -0.00010345764
302.99853 -0.00011118598
303.99856 -0.00011880483
304.99859 -0.00012631613
305.99862 -0.00013372179
306.99865 -0.00014102369
307.99868 -0.00014822366
308.99871 -0.00015532348
309.99874 -0.00016232492
310.99877 -0.00016922969
311.9988 -0.00017603946
312.99883 -0.00018275589
313.99886 -0.00018938058
314.99889 -0.00019591512
315.99892 -0.00020236104
316.99895 -0.00020871986
317.99898 -0.00021499306
318.99901 -0.0002211821
319.99904 -0.00022728838
320.99907 -0.00023331331
321.9991 -0.00023925825
322.99913 -0.00024512454
323.99916 -0.00025091348
324.99919 -0.00025662636
325.99922 -0.00026226444
326.99925 -0.00026782894
327.99928 -0.00027332108
328.99931 -0.00027874205
329.99934 -0.00028409299
330.99937 -0.00028937506
331.9994 -0.00029458936
332.99943 -0.00029973699
333.99946 -0.00030481902
334.99949 -0.00030983651
335.99952 -0.00031479048
336.99955 -0.00031968195
337.99958 -0.00032451191
338.99961 -0.00032928132
339.99964 -0.00033399116
340.99967 -0.00033864234
341.9997 -0.0003432358
342.99973 -0.00034777243
343.99976 -0.00035225312
344.99979 -0.00035667873
345.99982 -0.00036105012
346.99985 -0.00036536812
347.99988 -0.00036963355
348.99991 -0.00037384721
349.99994 -0.00037800991
350.99997 -0.0003821224
352.0 -0.00038618546
